
%Tnorm Ops

%Let the A, B sets be
A = [1 0.9 0.7 0.4 0.1 0]
B = [0 0 0.3 0.6 0.9 1]

